(1, 2, 3)
(1, 3, 4)
(1, 4, 5)
(1, 5, 6)
(1, 6, 7)
(1, 7, 8)
(1, 8, 9)
(1, 9, 10)
(1, 10, 11)
(1, 11, 12)
(1, 12, 13)
(1, 13, 14)
(1, 14, 15)
(1, 15, 16)
(1, 16, 17)
(1, 17, 18)
(1, 18, 19)
(1, 19, 20)
(2, 3, 4)
(2, 3, 5)
(2, 4, 5)
(2, 4, 6)
(2, 5, 6)
(2, 5, 7)
(2, 6, 7)
(2, 6, 8)
(2, 7, 8)
(2, 7, 9)
(2, 8, 9)
(2, 8, 10)
(2, 9, 10)
(2, 9, 11)
(2, 10, 11)
(2, 10, 12)
(2, 11, 12)
(2, 11, 13)
(2, 12, 13)
(2, 12, 14)
(2, 13, 14)
(2, 13, 15)
(2, 14, 15)
(2, 14, 16)
(2, 15, 16)
(2, 15, 17)
(2, 16, 17)
(2, 16, 18)
(2, 17, 18)
(2, 17, 19)
(2, 18, 19)
(2, 18, 20)
(2, 19, 20)
(3, 4, 5)
(3, 4, 6)
(3, 4, 7)
(3, 5, 6)
(3, 5, 7)
(3, 5, 8)
(3, 6, 7)
(3, 6, 8)
(3, 6, 9)
(3, 7, 8)
(3, 7, 9)
(3, 7, 10)
(3, 8, 9)
(3, 8, 10)
(3, 8, 11)
(3, 9, 10)
(3, 9, 11)
(3, 9, 12)
(3, 10, 11)
(3, 10, 12)
(3, 10, 13)
(3, 11, 12)
(3, 11, 13)
(3, 11, 14)
(3, 12, 13)
(3, 12, 14)
(3, 12, 15)
(3, 13, 14)
(3, 13, 15)
(3, 13, 16)
(3, 14, 15)
(3, 14, 16)
(3, 14, 17)
(3, 15, 16)
(3, 15, 17)
(3, 15, 18)
(3, 16, 17)
(3, 16, 18)
(3, 16, 19)
(3, 17, 18)
(3, 17, 19)
(3, 17, 20)
(3, 18, 19)
(3, 18, 20)
(3, 19, 20)
(4, 5, 6)
(4, 5, 7)
(4, 5, 8)
(4, 5, 9)
(4, 6, 7)
(4, 6, 8)
(4, 6, 9)
(4, 6, 10)
(4, 7, 8)
(4, 7, 9)
(4, 7, 10)
(4, 7, 11)
(4, 8, 9)
(4, 8, 10)
(4, 8, 11)
(4, 8, 12)
(4, 9, 10)
(4, 9, 11)
(4, 9, 12)
(4, 9, 13)
(4, 10, 11)
(4, 10, 12)
(4, 10, 13)
(4, 10, 14)
(4, 11, 12)
(4, 11, 13)
(4, 11, 14)
(4, 11, 15)
(4, 12, 13)
(4, 12, 14)
(4, 12, 15)
(4, 12, 16)
(4, 13, 14)
(4, 13, 15)
(4, 13, 16)
(4, 13, 17)
(4, 14, 15)
(4, 14, 16)
(4, 14, 17)
(4, 14, 18)
(4, 15, 16)
(4, 15, 17)
(4, 15, 18)
(4, 15, 19)
(4, 16, 17)
(4, 16, 18)
(4, 16, 19)
(4, 16, 20)
(4, 17, 18)
(4, 17, 19)
(4, 17, 20)
(4, 18, 19)
(4, 18, 20)
(4, 19, 20)
(5, 6, 7)
(5, 6, 8)
(5, 6, 9)
(5, 6, 10)
(5, 6, 11)
(5, 7, 8)
(5, 7, 9)
(5, 7, 10)
(5, 7, 11)
(5, 7, 12)
(5, 8, 9)
(5, 8, 10)
(5, 8, 11)
(5, 8, 12)
(5, 8, 13)
(5, 9, 10)
(5, 9, 11)
(5, 9, 12)
(5, 9, 13)
(5, 9, 14)
(5, 10, 11)
(5, 10, 12)
(5, 10, 13)
(5, 10, 14)
(5, 10, 15)
(5, 11, 12)
(5, 11, 13)
(5, 11, 14)
(5, 11, 15)
(5, 11, 16)
(5, 12, 13)
(5, 12, 14)
(5, 12, 15)
(5, 12, 16)
(5, 12, 17)
(5, 13, 14)
(5, 13, 15)
(5, 13, 16)
(5, 13, 17)
(5, 13, 18)
(5, 14, 15)
(5, 14, 16)
(5, 14, 17)
(5, 14, 18)
(5, 14, 19)
(5, 15, 16)
(5, 15, 17)
(5, 15, 18)
(5, 15, 19)
(5, 15, 20)
(5, 16, 17)
(5, 16, 18)
(5, 16, 19)
(5, 16, 20)
(5, 17, 18)
(5, 17, 19)
(5, 17, 20)
(5, 18, 19)
(5, 18, 20)
(5, 19, 20)
(6, 7, 8)
(6, 7, 9)
(6, 7, 10)
(6, 7, 11)
(6, 7, 12)
(6, 7, 13)
(6, 8, 9)
(6, 8, 10)
(6, 8, 11)
(6, 8, 12)
(6, 8, 13)
(6, 8, 14)
(6, 9, 10)
(6, 9, 11)
(6, 9, 12)
(6, 9, 13)
(6, 9, 14)
(6, 9, 15)
(6, 10, 11)
(6, 10, 12)
(6, 10, 13)
(6, 10, 14)
(6, 10, 15)
(6, 10, 16)
(6, 11, 12)
(6, 11, 13)
(6, 11, 14)
(6, 11, 15)
(6, 11, 16)
(6, 11, 17)
(6, 12, 13)
(6, 12, 14)
(6, 12, 15)
(6, 12, 16)
(6, 12, 17)
(6, 12, 18)
(6, 13, 14)
(6, 13, 15)
(6, 13, 16)
(6, 13, 17)
(6, 13, 18)
(6, 13, 19)
(6, 14, 15)
(6, 14, 16)
(6, 14, 17)
(6, 14, 18)
(6, 14, 19)
(6, 14, 20)
(6, 15, 16)
(6, 15, 17)
(6, 15, 18)
(6, 15, 19)
(6, 15, 20)
(6, 16, 17)
(6, 16, 18)
(6, 16, 19)
(6, 16, 20)
(6, 17, 18)
(6, 17, 19)
(6, 17, 20)
(6, 18, 19)
(6, 18, 20)
(6, 19, 20)
(7, 8, 9)
(7, 8, 10)
(7, 8, 11)
(7, 8, 12)
(7, 8, 13)
(7, 8, 14)
(7, 8, 15)
(7, 9, 10)
(7, 9, 11)
(7, 9, 12)
(7, 9, 13)
(7, 9, 14)
(7, 9, 15)
(7, 9, 16)
(7, 10, 11)
(7, 10, 12)
(7, 10, 13)
(7, 10, 14)
(7, 10, 15)
(7, 10, 16)
(7, 10, 17)
(7, 11, 12)
(7, 11, 13)
(7, 11, 14)
(7, 11, 15)
(7, 11, 16)
(7, 11, 17)
(7, 11, 18)
(7, 12, 13)
(7, 12, 14)
(7, 12, 15)
(7, 12, 16)
(7, 12, 17)
(7, 12, 18)
(7, 12, 19)
(7, 13, 14)
(7, 13, 15)
(7, 13, 16)
(7, 13, 17)
(7, 13, 18)
(7, 13, 19)
(7, 13, 20)
(7, 14, 15)
(7, 14, 16)
(7, 14, 17)
(7, 14, 18)
(7, 14, 19)
(7, 14, 20)
(7, 15, 16)
(7, 15, 17)
(7, 15, 18)
(7, 15, 19)
(7, 15, 20)
(7, 16, 17)
(7, 16, 18)
(7, 16, 19)
(7, 16, 20)
(7, 17, 18)
(7, 17, 19)
(7, 17, 20)
(7, 18, 19)
(7, 18, 20)
(7, 19, 20)
(8, 9, 10)
(8, 9, 11)
(8, 9, 12)
(8, 9, 13)
(8, 9, 14)
(8, 9, 15)
(8, 9, 16)
(8, 9, 17)
(8, 10, 11)
(8, 10, 12)
(8, 10, 13)
(8, 10, 14)
(8, 10, 15)
(8, 10, 16)
(8, 10, 17)
(8, 10, 18)
(8, 11, 12)
(8, 11, 13)
(8, 11, 14)
(8, 11, 15)
(8, 11, 16)
(8, 11, 17)
(8, 11, 18)
(8, 11, 19)
(8, 12, 13)
(8, 12, 14)
(8, 12, 15)
(8, 12, 16)
(8, 12, 17)
(8, 12, 18)
(8, 12, 19)
(8, 12, 20)
(8, 13, 14)
(8, 13, 15)
(8, 13, 16)
(8, 13, 17)
(8, 13, 18)
(8, 13, 19)
(8, 13, 20)
(8, 14, 15)
(8, 14, 16)
(8, 14, 17)
(8, 14, 18)
(8, 14, 19)
(8, 14, 20)
(8, 15, 16)
(8, 15, 17)
(8, 15, 18)
(8, 15, 19)
(8, 15, 20)
(8, 16, 17)
(8, 16, 18)
(8, 16, 19)
(8, 16, 20)
(8, 17, 18)
(8, 17, 19)
(8, 17, 20)
(8, 18, 19)
(8, 18, 20)
(8, 19, 20)
(9, 10, 11)
(9, 10, 12)
(9, 10, 13)
(9, 10, 14)
(9, 10, 15)
(9, 10, 16)
(9, 10, 17)
(9, 10, 18)
(9, 10, 19)
(9, 11, 12)
(9, 11, 13)
(9, 11, 14)
(9, 11, 15)
(9, 11, 16)
(9, 11, 17)
(9, 11, 18)
(9, 11, 19)
(9, 11, 20)
(9, 12, 13)
(9, 12, 14)
(9, 12, 15)
(9, 12, 16)
(9, 12, 17)
(9, 12, 18)
(9, 12, 19)
(9, 12, 20)
(9, 13, 14)
(9, 13, 15)
(9, 13, 16)
(9, 13, 17)
(9, 13, 18)
(9, 13, 19)
(9, 13, 20)
(9, 14, 15)
(9, 14, 16)
(9, 14, 17)
(9, 14, 18)
(9, 14, 19)
(9, 14, 20)
(9, 15, 16)
(9, 15, 17)
(9, 15, 18)
(9, 15, 19)
(9, 15, 20)
(9, 16, 17)
(9, 16, 18)
(9, 16, 19)
(9, 16, 20)
(9, 17, 18)
(9, 17, 19)
(9, 17, 20)
(9, 18, 19)
(9, 18, 20)
(9, 19, 20)
(10, 11, 12)
(10, 11, 13)
(10, 11, 14)
(10, 11, 15)
(10, 11, 16)
(10, 11, 17)
(10, 11, 18)
(10, 11, 19)
(10, 11, 20)
(10, 12, 13)
(10, 12, 14)
(10, 12, 15)
(10, 12, 16)
(10, 12, 17)
(10, 12, 18)
(10, 12, 19)
(10, 12, 20)
(10, 13, 14)
(10, 13, 15)
(10, 13, 16)
(10, 13, 17)
(10, 13, 18)
(10, 13, 19)
(10, 13, 20)
(10, 14, 15)
(10, 14, 16)
(10, 14, 17)
(10, 14, 18)
(10, 14, 19)
(10, 14, 20)
(10, 15, 16)
(10, 15, 17)
(10, 15, 18)
(10, 15, 19)
(10, 15, 20)
(10, 16, 17)
(10, 16, 18)
(10, 16, 19)
(10, 16, 20)
(10, 17, 18)
(10, 17, 19)
(10, 17, 20)
(10, 18, 19)
(10, 18, 20)
(10, 19, 20)
(11, 12, 13)
(11, 12, 14)
(11, 12, 15)
(11, 12, 16)
(11, 12, 17)
(11, 12, 18)
(11, 12, 19)
(11, 12, 20)
(11, 13, 14)
(11, 13, 15)
(11, 13, 16)
(11, 13, 17)
(11, 13, 18)
(11, 13, 19)
(11, 13, 20)
(11, 14, 15)
(11, 14, 16)
(11, 14, 17)
(11, 14, 18)
(11, 14, 19)
(11, 14, 20)
(11, 15, 16)
(11, 15, 17)
(11, 15, 18)
(11, 15, 19)
(11, 15, 20)
(11, 16, 17)
(11, 16, 18)
(11, 16, 19)
(11, 16, 20)
(11, 17, 18)
(11, 17, 19)
(11, 17, 20)
(11, 18, 19)
(11, 18, 20)
(11, 19, 20)
(12, 13, 14)
(12, 13, 15)
(12, 13, 16)
(12, 13, 17)
(12, 13, 18)
(12, 13, 19)
(12, 13, 20)
(12, 14, 15)
(12, 14, 16)
(12, 14, 17)
(12, 14, 18)
(12, 14, 19)
(12, 14, 20)
(12, 15, 16)
(12, 15, 17)
(12, 15, 18)
(12, 15, 19)
(12, 15, 20)
(12, 16, 17)
(12, 16, 18)
(12, 16, 19)
(12, 16, 20)
(12, 17, 18)
(12, 17, 19)
(12, 17, 20)
(12, 18, 19)
(12, 18, 20)
(12, 19, 20)
(13, 14, 15)
(13, 14, 16)
(13, 14, 17)
(13, 14, 18)
(13, 14, 19)
(13, 14, 20)
(13, 15, 16)
(13, 15, 17)
(13, 15, 18)
(13, 15, 19)
(13, 15, 20)
(13, 16, 17)
(13, 16, 18)
(13, 16, 19)
(13, 16, 20)
(13, 17, 18)
(13, 17, 19)
(13, 17, 20)
(13, 18, 19)
(13, 18, 20)
(13, 19, 20)
(14, 15, 16)
(14, 15, 17)
(14, 15, 18)
(14, 15, 19)
(14, 15, 20)
(14, 16, 17)
(14, 16, 18)
(14, 16, 19)
(14, 16, 20)
(14, 17, 18)
(14, 17, 19)
(14, 17, 20)
(14, 18, 19)
(14, 18, 20)
(14, 19, 20)
(15, 16, 17)
(15, 16, 18)
(15, 16, 19)
(15, 16, 20)
(15, 17, 18)
(15, 17, 19)
(15, 17, 20)
(15, 18, 19)
(15, 18, 20)
(15, 19, 20)
(16, 17, 18)
(16, 17, 19)
(16, 17, 20)
(16, 18, 19)
(16, 18, 20)
(16, 19, 20)
(17, 18, 19)
(17, 18, 20)
(17, 19, 20)
(18, 19, 20)
